0.706783 0.36 1 1 0 0.222222 0.520788 1 0.555556 0 0.2 0.888889 0.275711 0.426667 0.444444 0.266958 0.88 0.444444 0.0743982 0.24 0.111111 0.551422 0.24 0.888889 1 0.453333 0.555556 0.417943 0.0133333 0.777778 
0.944242 0.736842 1 0.650909 0.666667 0.333333 0.505455 0.473684 1 0.938182 0.561404 0.888889 0 0.701754 0.666667 0.243636 0.263158 0.111111 0.938182 0.526316 0.111111 0.664242 0.929825 0.555556 1 1 0.666667 0.998788 0 0.444444 
0.0662791 0.307692 0.25 0.74186 0.153846 0.625 1 0.527473 0.375 0.355814 1 0.25 0.623256 0.604396 0.75 0 0.406593 0.25 0.704651 0.593407 0.125 0.204651 0.692308 1 0.547674 0 0.375 0.573256 0.846154 0.25 
0.834043 0.0337079 0.222222 0.808511 0.202247 0.111111 0.141844 0.842697 0.111111 0.4 1 0.333333 0 0.921348 0.666667 0.940426 0.629213 0.444444 0.374468 0.168539 0.888889 1 0 1 0.167376 0.662921 0.555556 0.483688 0.303371 0.444444 
0.123308 0 0.428571 0.666165 0.746988 0.714286 0 0.409639 0.142857 0.109774 0.337349 0.285714 0.87218 1 1 0.308271 0.13253 0.571429 1 0.0722892 0.428571 0.867669 0.0843373 0.714286 0.526316 0.686747 1 0.279699 0.0963855 0.142857 
0.258687 0.348315 0.1 0.904762 0.134831 0.7 0.967825 0.853933 0.7 0.76834 0.865169 0.5 1 0.337079 0.9 0.861004 0 1 0.042471 0.797753 0.1 0.471042 0.831461 0.1 0.106821 1 0.6 0 0.359551 1 
0.893099 0.45122 0.333333 0.698241 0.939024 0.333333 0 0.231707 1 0.924222 0 0.111111 0.0622463 0.182927 0.888889 0.863329 0.609756 0.444444 0.449256 1 0.333333 0.52774 0.0487805 1 0.420839 0.54878 0.444444 1 0.487805 0.777778 
0.404358 0 1 0.0556901 0.270833 0.888889 0.375303 0.979167 0.555556 0.761501 0.697917 1 0 0.572917 0.222222 0.14891 0.0729167 0.777778 0.200969 1 0.111111 0.153753 0.96875 0.777778 0.872881 0.65625 0.333333 1 0.34375 0.555556 
0.110981 0.011236 0.111111 1 0 0.222222 0.734813 0.685393 1 0.872664 0.94382 0.888889 0.441589 0.438202 1 0.825935 0.573034 1 0.971963 1 0.222222 0.00700935 0.494382 1 0 0.426966 0.222222 0.245327 0.617978 0.555556 
0.131215 0.0116279 0.8 0.868785 0.244186 0.6 1 0.116279 0.4 0.622928 0.860465 0.9 0.168508 0 0.3 0.95442 0.27907 0.1 0 0.476744 1 0.14779 0.116279 0.8 0.947514 1 0.4 0.346685 0.546512 0.1 
