4 1 3 8 8 138 15 5 4 3 237 39 6 8 6 47 74 6 7 7 441 55 4 0 6 595 38 8 5 5 898 93 0 7 1 588 89 0 1 4 138 24 1 7 7 507 89 7 3 6 
214 41 1 2 4 70 10 5 1 9 370 55 9 7 6 444 18 9 5 0 857 87 2 6 8 690 20 3 3 2 512 36 0 0 1 606 1 7 8 8 130 40 8 5 2 530 13 5 5 6 
110 95 0 8 0 247 12 0 7 2 799 27 1 6 6 446 24 6 0 9 548 34 6 5 5 822 92 4 7 8 517 66 2 7 0 953 57 1 0 2 325 57 1 5 6 512 87 3 1 8 
908 84 8 6 4 158 12 4 7 6 753 83 5 1 7 324 56 1 7 5 998 23 3 4 3 396 67 8 5 5 860 42 0 9 6 572 9 4 9 8 649 73 1 4 8 679 25 5 4 2 
591 74 8 4 3 109 17 6 4 3 315 79 2 9 9 945 86 3 3 8 429 82 6 7 7 248 9 0 3 2 621 13 5 6 5 57 10 4 1 6 521 87 2 6 7 65 27 5 7 3 
691 30 5 6 5 602 35 6 3 1 557 57 2 7 4 7 92 1 6 9 658 75 0 6 9 679 91 3 9 3 917 2 1 3 3 285 72 5 5 4 282 80 5 9 3 740 60 3 7 0 
229 77 8 4 7 737 97 2 8 5 405 89 0 5 8 112 1 1 7 1 0 32 7 9 3 90 40 9 5 4 112 31 7 7 3 578 20 1 1 5 258 49 7 7 4 710 60 3 3 2 
922 80 8 8 8 817 89 2 4 3 855 54 8 3 8 764 37 9 0 8 266 19 5 4 0 359 99 5 7 7 357 87 2 3 2 791 11 6 0 6 373 78 8 3 1 496 4 8 1 1 
951 64 5 9 5 468 47 3 3 0 391 1 8 8 9 327 47 0 5 1 539 67 6 7 4 502 80 1 6 3 594 41 0 2 7 770 93 5 2 9 350 0 9 9 3 471 86 5 5 7 
549 43 0 5 4 23 83 6 9 8 470 98 5 8 8 200 28 2 9 2 974 49 5 6 9 630 74 9 5 1 416 60 0 0 4 484 76 6 6 4 138 34 1 1 5 448 31 8 5 9 
